ra		dec		name		    bluemag  redmag
0.7827023    -18.0971558  RXS_J00031-1805           13.00  15.17
3.4835103    -18.9018648  NPM_1G-19.0008            13.58  16.29
11.4780834   -17.3915278  PGC_884046                13.83  17.92
12.3662195   39.8338793   3HSPJ004927.8+395003      13.35  18.67
14.0836694   -9.6082937   NPM1G-09.0033             11.54  14.81
18.4297727   2.3714740    UGC_773                   13.67  15.44
19.3517418   -22.4666566  6dF_J011724.4-222760      13.65  17.73
19.7234321   -1.0020142   UGC_842                   13.62  14.11
22.8076018   55.7536048   PGC_2513233               13.72  17.85
24.0258900   -9.9478969   6dF_J013606.2-095653      13.71  17.11
26.7024016   -52.0426746  PKS_0144-522              11.47  12.10
28.1650452   1.7881626    NPM1G+01.0067             13.61  16.29
28.3576977   71.2518165   8C_0149+710               11.24  15.11
33.5747480   51.7477628   87GB_02109+5130           12.26  14.43
34.0694167   -48.2738056  PGC_489220                13.54  15.19
34.1020556   40.0100278   MCG_7-05-032              11.16  13.57
37.7876389   -57.9184445  PKS_0229-581              9.11   9.69
41.3061451   10.7896789   NPM1G+10.0097             12.08  15.79
42.5728141   17.1360701   2FGL_J0250.6+1713         0      21.69
43.5001850   36.4310845   UGC_2366                  8.30   11.14
48.2095326   36.2554280   V_Zw_326                  13.63  16.49
48.4901777   41.2566573   V_Zw_331                  10.46  13.12
51.3480259   -56.5957364  PGC_398865                12.84  21.15
57.9774167   -37.0619584  MS_03500-3712             13.66  14.38
58.2395133   -68.5213964  PKS_0352-686              11.77  12.46
58.2855780   82.9420602   WN_B0343.1+8247           13.42  16.54
59.3696553   -46.4286776  DENISP_G_J0357287-462543  13.19  14.09
59.3873132   -68.1590830  PGC_287938                13.42  14.55
66.4636389   -8.5600556   MCG_-1-12-005             10.64  12.64
69.6545872   -73.4892609  PGC_255538                13.80  16.04
72.5275834   45.0517778   1ES_0446+449              13.54  20.28
76.5069654   -38.3487941  PGC_609990                13.84  16.02
81.9389167   -62.4221667  PGC_344820                10.29  11.22
87.6690445   -32.2712469  PKS_0548-322              13.18  15.65
89.5491587   53.4716283   TXS_0554+534              11.12  15.21
90.5018579   53.2666755   GB6_J0601+5315            12.79  16.38
104.0444227  42.6174315   NPM1G+42.0131             11.63  15.08
104.1980385  56.0526691   PGC_2523849               11.10  14.01
107.3925118  50.1822947   NGC_2332                  8.95   11.18
108.7913659  45.4322034   NPM_1G+45.0093            12.51  14.78
110.9141930  -82.7947470  IVS_B0729-826             0      0
111.3731786  -5.0604125   3HSPJ072529.5-050336      13.60  16.70
114.5308067  17.7052767   PKS_0735+17               13.40  14.68
118.6544532  39.1799372   RXS_J07546+3911           13.98  15.90
122.4120352  34.9270093   B2_0806+35                13.18  15.43
122.7274873  49.1843945   1REX_J08109+4911          13.73  17.12
124.0174685  -7.5999200   1WGA_J0816.0-0736         11.27  14.28
125.1171204  48.8964948   PGC_2328287               13.64  17.39
136.7199910  41.4082393   MCG_7-19-027              11.96  13.85
136.9847192  49.5967237   MCG_8-17-034              9.90   12.24
137.0091822  -9.9937380   DRCG_14-25                11.86  15.11
153.8095000  -11.6342778  LCRS_B101246.6-112306     13.41  17.18
164.3798709  40.9461510   NGC_3468                  8.80   10.10
166.1138081  38.2088329   MARK_421                  9.64   12.22
166.4742478  39.7824790   SDSS_J110553.81+394656.9  11.69  22.00
169.8189459  62.6571741   SDSS_J111916.54+623925.8  13.65  16.46
171.6482208  -42.8700204  3HSPJ112635.6-425212      13.61  20.30
172.5293274  -42.2446938  LEDA_566417               13.83  15.73
174.1100392  70.1575866   MARK_180                  11.12  12.85
180.7646117  60.5219888   SBS_1200+608              11.73  15.31
182.5331947  35.8776183   NGC_4148                  12.68  12.60
184.0258732  9.4860049    RXS_J12161+0929           13.34  16.35
185.3820427  28.2329168   ON_231                    13.85  14.78
193.4458588  3.4417877    CGCG_43-56                12.71  15.59
193.7396383  -44.4157224  6dF_J125457.5-442457      10.07  12.89
195.2437123  -23.2044105  MRC_1258-229              13.25  17.28
195.2532920  -32.4413612  ESO_443-24                8.39   11.56
196.7996562  11.8879264   PGC_1400322               13.09  16.00
199.4133318  41.2626666   PGC_2178259               10.11  13.01
200.4192920  -34.6313612  PGC_659653                12.61  12.68
201.3056875  39.9314548   PGC_2157982               11.31  14.42
201.3650940  -43.0192200  NGC_5128                  7.19   0
207.2336309  39.9851914   NGC_5311                  8.13   9.70
211.8740110  -27.0178588  IC_4374                   9.23   8.89
214.1140604  23.2562601   RXS_J14164+2315           13.13  16.81
214.9441569  54.3874410   OQ_530                    13.61  15.08
216.8761642  54.1565886   RGB_J1427+541             13.31  15.84
220.0143674  37.1242776   RXS_J14401+3707           11.55  16.27
229.4242231  -24.3720784  AP_LIB                    12.64  15.01
229.5372724  66.9645574   NPM_1G+67.0119            9.26   12.02
230.1638152  -5.7770376   PGC_1040546               13.20  16.25
233.0093000  30.2746839   RXS_J15320+3016           12.42  14.97
234.9641098  41.7237182   RXS_J15398+4143           12.73  15.56
239.7571240  59.4060631   MCG_10-23-012             9.11   11.21
240.9086196  15.9007172   GIN_463                   12.94  16.41
244.9607769  -83.8246950  PKS_1608-83               13.99  15.45
246.2357145  75.9155497   RXS_J16249+7554           12.83  14.70
246.2930213  40.8928720   NGC_6146                  8.44   9.10
252.2328908  39.9103416   RXS_J16489+3954           10.41  13.40
253.4675689  39.7601674   MARK_501                  7.12   10.97
254.9081389  68.4387223   3HSPJ165938.0+682618      11.83  14.28
259.8103753  48.9803989   Arp_102B                  10.71  12.46
263.5563754  42.3325834   GB6_J173410+421933        13.68  15.74
265.9909709  19.5858358   NPM1G+19.0510             13.00  16.20
267.6713475  39.9497513   CGCG_227-1                11.21  13.42
269.2778598  53.8604200   GB6_J175704+535153        12.70  16.40
269.3678191  55.3866312   NPM_1G+55.0300            11.49  14.10
271.7111682  69.8244745   3C_371.0                  12.52  14.43
271.9077778  56.5309723   PGC_2539737               12.75  13.67
279.5859964  -60.4229551  6dF_J183820.6-602522      13.11  15.62
280.1402500  62.2139445   PGC_2632696               12.08  14.16
280.1608154  -77.1579583  ESO_45-11                 8.07   9.12
297.5910546  60.7983184   3HSPJ195021.9+604753      13.65  14.82
299.9993857  65.1485143   1ES_1959+650              12.10  15.46
302.3557961  -48.8315895  PKS_2005-489              10.96  11.51
310.4593538  -37.5611063  PGC_621219                13.83  15.78
310.5252044  24.4478722   MG2_J204208+2426          13.86  16.48
314.6947798  -14.7180497  PGC_920875                13.67  15.87
326.3891132  -4.5775518   NPM1G-04.0578             11.80  14.32
326.7518917  -10.3199801  RXS_J21470-1019           11.28  14.59
329.7169383  -30.2255891  PKS_2155-304              12.88  14.17
330.6803808  42.2777718   BL_LAC                    12.59  14.80
330.7221497  -56.5950413  MS_2159.5-5649            11.93  13.29
332.3175445  -47.1666895  NGC_7213                  10.93  0
334.3584034  -9.1183173   NPM1G-09.0688             12.54  14.10
347.6739836  -43.7928431  J2310-437                 11.65  14.71
349.7745669  -42.1134286  PKS_2316-423              8.93   11.09
350.6683581  -42.3451827  DENISP_G_J2322404-422044  11.41  11.95
350.6833943  34.6038538   TXS_2320+343              13.90  17.00
356.7701568  51.7049654   1ES_2344+514              11.38  14.09
